# default energy scale originally called energy_scale()
RunUpper=190781,190949,191833,193686,194210,194479,195147,195350,195395,195530,999999
EBlowEtaBadDeltaE=1.0006,1.0146,1.0001,0.9978,0.9983,0.9988,0.9989,0.9990,0.9992,0.9994,0.9986
EBlowEtaGoldDeltaE=0.9944,1.0085,0.9939,0.9916,0.9921,0.9926,0.9927,0.9928,0.9931,0.9932,0.9924
EBhiEtaBadDeltaE=1.0083,0.9993,1.0014,0.9990,0.9970,0.9980,0.9998,0.9988,0.9996,0.9996,0.9992
EBhiEtaGoldDeltaE=0.9948,0.9858,0.9879,0.9855,0.9834,0.9845,0.9862,0.9852,0.9861,0.9861,0.9857
EElowEtaBadDeltaE=0.9956,1.0120,0.9981,0.9982,0.9996,1.0003,1.0028,1.0081,1.0008,1.0025,1.0036
EElowEtaGoldDeltaE=0.9881,1.0047,0.9906,0.9907,0.9921,0.9928,0.9954,1.0007,0.9933,0.9951,0.9962
EEhiEtaBadDeltaE=0.9991,1.0074,0.9986,1.0005,0.9995,1.0007,1.0003,1.0054,1.0012,0.9982,0.9997
EEhiEtaGoldDeltaE=0.9878,0.9962,0.9874,0.9893,0.9883,0.9895,0.9891,0.9943,0.9900,0.9869,0.9885



EBlowEtaBadDeltaE_Err=0,0,0,0,0,0,0,0,0,0,0
EBlowEtaGoldDeltaE_Err=0,0,0,0,0,0,0,0,0,0,0
EBhiEtaBadDeltaE_Err=0,0,0,0,0,0,0,0,0,0,0
EBhiEtaGoldDeltaE_Err=0,0,0,0,0,0,0,0,0,0,0
EElowEtaBadDeltaE_Err=0,0,0,0,0,0,0,0,0,0,0
EElowEtaGoldDeltaE_Err=0,0,0,0,0,0,0,0,0,0,0
EEhiEtaBadDeltaE_Err=0,0,0,0,0,0,0,0,0,0,0
EEhiEtaGoldDeltaE_Err=0,0,0,0,0,0,0,0,0,0,0
